image_path: "."
image_width: 8192
image_height: 8192
tile_size: 256
datum: wgs84
projection: wgs84
tiepoints:             #   [pixel x, pixel y, geo x, geo y]
 - point: [0, 0, 11.250000, 61.270233]
 - point: [8192, 0, 11.601562, 61.270233]
 - point: [0, 8192, 11.250000, 61.100789]
 - point: [8192, 8192, 11.601562, 61.100789]
