image_path: "."
image_width: 8192
image_height: 8192
tile_size: 256
datum: wgs84
projection: wgs84
tiepoints:             #   [pixel x, pixel y, geo x, geo y]
 - point: [0, 0, 11.425781, 61.217379]
 - point: [8192, 0, 11.447754, 61.217379]
 - point: [0, 8192, 11.425781, 61.206798]
 - point: [8192, 8192, 11.447754, 61.206798]
